AA	P1	P2	P3	P4	P5	P6	P7	P8	P9
A	5.373	2.812	1.874	2.217	2.637	1.626	2.104	2.369	2.184
C	5.285	4.244	4.176	4.831	3.957	5.275	7.310	4.138	6.212
E	6.587	2.947	3.001	2.606	2.879	4.113	3.279	3.677	3.469
D	7.348	3.799	3.899	2.648	3.423	3.540	3.637	3.665	4.224
G	10.000	3.739	3.162	3.259	2.623	2.136	3.348	3.159	2.424
F	1.294	3.757	6.823	3.226	3.402	5.439	3.819	2.950	3.039
I	1.875	2.699	3.099	2.535	2.552	4.148	2.694	2.915	2.648
H	8.014	3.537	4.659	3.808	4.293	4.340	4.558	3.842	4.117
K	6.683	2.060	3.822	3.830	2.583	4.156	3.225	2.342	3.206
M	3.075	3.364	3.709	2.765	3.849	4.838	2.796	3.468	3.737
L	1.655	2.226	2.313	1.834	2.086	4.039	2.060	1.823	2.230
N	8.466	3.088	2.794	2.994	3.070	2.249	2.341	3.544	2.914
Q	6.559	3.026	4.169	3.020	3.421	5.978	3.217	3.388	3.626
P	10.000	10.220	3.302	6.095	2.936	10.000	3.526	2.930	10.000
S	10.517	2.700	1.894	2.299	2.952	1.250	2.527	2.715	2.231
R	8.320	2.663	3.250	4.745	3.149	4.825	3.936	2.785	2.694
T	4.989	2.706	1.860	3.402	2.795	2.146	2.614	2.657	2.819
W	3.085	5.053	4.951	5.641	4.736	6.491	5.433	4.877	6.524
V	2.219	2.176	3.097	2.909	2.639	3.540	2.562	3.196	2.701
Y	1.841	3.940	4.936	4.364	3.396	4.592	3.503	4.037	2.813
