AA	P1	P2	P3	P4	P5	P6	P7	P8	P9
A	6.277	3.047	2.699	2.766	2.886	2.548	2.781	2.510	3.117
C	5.638	4.366	4.810	4.937	4.247	5.845	6.473	4.234	5.359
E	6.867	2.927	2.711	2.456	2.723	3.295	2.944	3.693	3.289
D	7.349	3.583	4.506	2.440	3.378	3.295	3.066	3.482	4.107
G	10.000	4.182	3.582	4.041	3.023	3.466	4.122	3.283	3.750
F	1.155	3.640	3.938	2.881	3.070	4.975	3.155	2.758	2.721
I	2.181	2.771	3.093	2.470	2.707	3.407	2.646	3.045	2.585
H	7.394	3.474	3.649	3.787	3.724	3.803	3.701	3.823	3.647
K	6.272	2.081	2.491	3.897	2.534	2.755	3.313	2.361	3.064
M	3.432	3.448	3.149	2.704	3.797	5.059	3.165	3.506	3.515
L	1.693	2.268	2.193	1.864	2.227	3.690	2.117	1.832	1.940
N	6.966	2.965	3.173	2.748	2.859	1.816	2.290	3.400	2.731
Q	5.870	2.997	2.776	2.920	3.148	4.889	3.143	3.365	3.344
P	10.000	6.643	3.446	5.158	2.879	2.528	3.430	2.941	3.854
S	7.847	2.665	2.619	2.452	2.832	1.744	2.667	2.845	2.673
R	7.210	2.555	2.183	4.587	2.903	2.980	3.446	2.686	2.509
T	5.566	2.576	2.895	3.221	2.879	2.122	2.646	2.760	2.751
W	2.668	4.850	3.780	5.675	4.469	4.496	4.908	4.454	5.350
V	2.613	2.246	3.145	2.998	2.879	3.319	2.715	3.115	2.582
Y	1.636	3.756	3.031	3.890	3.206	4.305	2.797	3.596	2.662
